"Status","Start Time","Stop Time","Duration in ms","Parent Suite","Suite","Sub Suite","Test Class","Test Method","Name","Description"
"passed","Tue Jan 24 19:12:03 GMT 2023","Tue Jan 24 19:12:04 GMT 2023","662","","test","","test","test","test",""
